<svg width="362" height="120" viewBox="0 0 362 120" fill="none" xmlns="http://www.w3.org/2000/svg">
<g clip-path="url(#clip0_244_96)">
<path d="M193.085 43.2514C188.54 40.2816 182.963 37.8643 177.041 35.9305C162.373 31.234 145.778 29.5765 138.547 29.5765C131.661 29.5765 85.3871 26.6757 0 80.0634L15.5625 117.221C15.5625 117.221 78.4322 50.2961 146.948 48.5004C150.323 48.4314 153.421 48.4314 156.245 48.5695C166.298 49.122 173.253 50.9868 177.867 53.6113C189.78 60.3797 186.75 71.9827 184.409 77.3698L201.142 70.7395C202.725 67.2172 203.69 63.4877 203.69 59.689C203.69 52.9206 199.42 47.4644 193.085 43.2514Z" fill="url(#paint0_linear_244_96)"/>
<path d="M307.875 0.499837C307.875 0.499837 290.66 0.154509 260.637 6.57761C237.293 11.5503 208.303 20.1835 181.998 33.306C189.16 35.6542 193.98 38.7622 196.734 40.9723C220.767 26.8138 256.505 11.7575 307.875 0.499837Z" fill="#123187"/>
<path d="M182.893 80.4087C182.893 80.4087 153.49 90.8376 153.765 81.7209C153.903 77.7842 160.583 66.8718 177.798 53.6803C177.798 53.6803 160.445 49.2601 147.637 55.4069C137.583 65.0761 131.317 78.7511 131.317 87.9368C131.317 98.5038 139.993 101.957 150.047 101.957C166.229 101.957 189.986 90.1469 199.489 73.9856L182.893 80.4087Z" fill="#123187"/>
<path d="M239.566 63.2116C240.186 64.1785 240.668 64.9382 241.081 65.4907C241.494 66.0432 241.838 66.4576 242.183 66.803C242.527 67.1483 242.802 67.3555 243.078 67.4936C243.353 67.6318 243.766 67.8389 244.317 67.9771V69.4965H231.578V67.908C232.129 67.8389 232.473 67.7008 232.68 67.4936C232.886 67.2864 232.955 67.0792 232.955 66.803C232.955 66.5267 232.886 66.3195 232.818 66.0432C232.749 65.767 232.611 65.4217 232.336 64.9382C232.06 64.4547 231.509 63.6259 230.683 62.3137L227.102 56.7194C226.689 56.0287 226.276 55.5453 225.932 55.1309C225.587 54.7856 225.312 54.5093 224.967 54.3021C224.623 54.164 224.21 54.0258 223.659 54.0258H223.177V63.4188C223.177 63.9713 223.177 64.4547 223.246 64.9382C223.246 65.4217 223.315 65.767 223.453 66.1123C223.521 66.3886 223.659 66.6648 223.866 66.872C224.072 67.0792 224.279 67.2864 224.623 67.4246C224.967 67.5627 225.312 67.7008 225.794 67.839V69.4275H213.468V67.839C214.019 67.7008 214.501 67.4936 214.845 67.3555C215.189 67.1483 215.465 66.9411 215.602 66.5958C215.74 66.2504 215.878 65.836 215.947 65.3526C216.016 64.8691 216.016 64.2475 216.016 63.4878V43.1825C216.016 42.4228 216.016 41.8012 215.947 41.3178C215.878 40.8343 215.809 40.4199 215.671 40.0746C215.534 39.7293 215.258 39.5221 214.914 39.3149C214.57 39.1077 214.088 38.9695 213.537 38.7623V37.1738H225.863V38.7623C225.174 38.9695 224.692 39.1077 224.417 39.3149C224.141 39.5221 223.866 39.7293 223.728 40.0746C223.59 40.3508 223.453 40.6962 223.384 41.1796C223.315 41.594 223.315 42.2847 223.315 43.1825V51.6085H223.797C224.485 51.6085 225.105 51.5395 225.518 51.4013C225.932 51.2632 226.345 50.9869 226.827 50.5726C227.24 50.1582 228.135 49.1912 229.443 47.6718C230.752 46.1524 231.647 45.0473 232.198 44.2185C232.749 43.3897 233.162 42.7681 233.368 42.2156C233.575 41.6631 233.713 41.1796 233.713 40.6271C233.713 40.0746 233.506 39.6602 233.162 39.3149C232.818 38.9695 232.267 38.8314 231.578 38.8314V37.2429H243.629V38.8314C243.009 38.9695 242.527 39.1077 242.114 39.3149C241.701 39.5221 241.219 39.8674 240.668 40.4199C240.117 40.9034 239.428 41.6631 238.602 42.63L231.372 50.5726L239.566 63.2116Z" fill="#123187"/>
<path d="M246.039 67.9078C246.796 67.7006 247.347 67.4243 247.622 67.079C247.898 66.7337 248.104 66.3193 248.242 65.7668C248.38 65.2142 248.38 64.1783 248.38 62.6588V51.6774C248.38 50.9177 248.311 50.2961 248.242 49.8126C248.173 49.3292 248.036 48.9838 247.829 48.7076C247.622 48.4313 247.347 48.2241 247.003 48.086C246.658 47.9478 246.245 47.8097 245.694 47.6716V46.0831L252.167 45.8759H255.128V62.6588C255.128 63.5567 255.128 64.2473 255.197 64.7308C255.197 65.2142 255.266 65.5596 255.335 65.8358C255.404 66.1121 255.473 66.3193 255.541 66.5265C255.61 66.7337 255.748 66.9409 255.886 67.079C256.023 67.2862 256.23 67.4243 256.505 67.5625C256.781 67.7006 257.125 67.8387 257.538 67.9078V69.4963H246.039V67.9078ZM254.922 36.6211V42.4226H248.449V36.6211H254.922Z" fill="#123187"/>
<path d="M286.805 69.4963H275.374V67.9078C276.062 67.7006 276.613 67.4934 276.889 67.1481C277.164 66.8028 277.371 66.3884 277.44 65.7668C277.508 65.2143 277.577 64.1783 277.577 62.6588V56.3739C277.577 55.2688 277.577 54.371 277.508 53.6112C277.44 52.8515 277.371 52.299 277.302 51.8846C277.233 51.4011 277.026 51.0558 276.889 50.7105C276.682 50.4342 276.476 50.158 276.269 49.9508C276.062 49.7436 275.787 49.6054 275.512 49.5364C275.236 49.4673 274.892 49.3982 274.41 49.3982C273.79 49.3982 273.17 49.6054 272.551 49.9508C271.931 50.2961 271.38 50.8486 270.898 51.4702C270.485 52.0918 270.209 52.8515 270.209 53.5422V62.6588C270.209 64.1783 270.278 65.2143 270.347 65.7668C270.416 66.3193 270.622 66.8028 270.898 67.1481C271.173 67.4934 271.724 67.7697 272.413 67.9078V69.4963H261.051V67.9078C261.808 67.7006 262.359 67.4244 262.635 67.079C262.91 66.7337 263.117 66.3193 263.254 65.7668C263.392 65.2143 263.392 64.1783 263.392 62.6588V52.9897C263.392 51.8155 263.392 50.9868 263.323 50.4342C263.254 49.8817 263.186 49.3982 263.048 49.122C262.91 48.8457 262.703 48.5004 262.359 48.2932C262.084 48.086 261.533 47.8788 260.775 47.7407V46.0831L267.248 45.8759H270.209L269.865 49.2601L270.14 49.3292C271.104 48.4313 272 47.8097 272.688 47.2572C273.446 46.7737 274.203 46.3594 275.03 46.0831C275.856 45.8068 276.682 45.6687 277.577 45.6687C278.886 45.6687 279.919 45.8759 280.745 46.2212C281.571 46.5666 282.26 47.1191 282.811 47.8097C283.362 48.5004 283.706 49.3982 283.913 50.4342C284.119 51.4702 284.257 52.6443 284.257 54.0256V62.6588C284.257 63.3495 284.257 63.9711 284.326 64.5927C284.326 65.2143 284.395 65.6977 284.532 66.043C284.601 66.3884 284.739 66.7337 284.945 66.9409C285.083 67.1481 285.359 67.3553 285.634 67.4934C285.909 67.6316 286.323 67.7697 286.736 67.9078V69.4963H286.805Z" fill="#123187"/>
<path d="M299.2 49.1911C300.646 47.948 301.885 47.0501 303.056 46.4976C304.158 45.9451 305.328 45.7379 306.499 45.7379C308.22 45.7379 309.529 46.0832 310.493 46.7048C311.457 47.3264 312.145 48.2933 312.558 49.4674C312.972 50.6415 313.178 52.23 313.178 54.0948V62.6589C313.178 63.3496 313.178 63.9712 313.247 64.5928C313.247 65.2144 313.316 65.6978 313.454 66.0432C313.523 66.3885 313.66 66.7338 313.867 66.941C314.005 67.1482 314.28 67.3554 314.555 67.4935C314.831 67.6317 315.244 67.7698 315.657 67.9079V69.4964H304.226V67.9079C304.984 67.7007 305.466 67.4935 305.741 67.1482C306.017 66.8029 306.223 66.3885 306.292 65.7669C306.361 65.2144 306.43 64.1784 306.43 62.6589V56.5121C306.43 54.9236 306.361 53.7495 306.292 52.8516C306.223 51.9538 306.017 51.3322 305.741 50.8487C305.466 50.3653 305.19 50.0199 304.777 49.7437C304.364 49.5365 303.882 49.3983 303.262 49.3983C302.643 49.3983 302.023 49.6055 301.403 49.9509C300.783 50.2962 300.232 50.8487 299.75 51.4703C299.337 52.0919 299.131 52.7826 299.131 53.5423V62.6589C299.131 63.5568 299.131 64.2474 299.2 64.7309C299.2 65.2144 299.268 65.5597 299.337 65.836C299.406 66.1122 299.475 66.3194 299.544 66.5266C299.613 66.7338 299.75 66.941 299.888 67.0791C300.026 67.2863 300.232 67.4245 300.508 67.5626C300.783 67.7007 301.128 67.8389 301.541 67.9079V69.4964H289.903V67.9079C290.385 67.7698 290.73 67.7007 291.005 67.4935C291.281 67.3554 291.487 67.1482 291.625 66.941C291.763 66.7338 291.9 66.5266 292.038 66.1813C292.176 65.905 292.245 65.4216 292.245 64.9381C292.245 64.3856 292.313 63.6259 292.313 62.5899V44.2184C292.313 42.8371 292.313 41.8702 292.245 41.2486C292.245 40.627 292.176 40.0745 292.107 39.6601C292.038 39.2457 291.9 38.9004 291.763 38.6241C291.625 38.3479 291.349 38.1407 291.074 38.0025C290.799 37.8644 290.317 37.7263 289.628 37.5881V35.9996L296.17 35.6543H299.131V49.1221L299.2 49.1911Z" fill="#123187"/>
<path d="M336.798 66.6647C335.42 67.8389 334.181 68.6676 333.01 69.1511C331.909 69.6346 330.669 69.8418 329.43 69.8418C327.088 69.8418 325.367 69.2202 324.196 67.9079C323.026 66.6647 322.475 64.7309 322.475 62.1755V48.9839H319.514V47.3264C320.478 47.1882 321.166 46.912 321.648 46.6357C322.13 46.2904 322.475 45.876 322.681 45.3925C322.957 44.84 323.163 44.1494 323.301 43.3206C323.439 42.4918 323.576 41.3867 323.645 40.1436H329.292V46.0832H335.971V49.053H329.292V59.6891C329.292 61.4848 329.361 62.7971 329.567 63.6259C329.705 64.4546 329.98 65.0762 330.394 65.4906C330.807 65.905 331.289 66.1122 331.84 66.1122C332.253 66.1122 332.666 66.0431 333.01 65.9741C333.355 65.905 333.699 65.7669 334.112 65.5597C334.525 65.3525 334.87 65.0762 335.352 64.6618L336.798 66.6647Z" fill="#123187"/>
<path d="M358.971 65.1453C357.387 66.872 355.803 68.0461 354.219 68.7368C352.636 69.4274 350.845 69.7727 348.779 69.7727C345.13 69.7727 342.375 68.7368 340.516 66.7339C338.657 64.7309 337.762 61.7611 337.762 57.8244C337.762 55.269 338.244 53.0589 339.208 51.1941C340.172 49.3293 341.48 47.948 343.271 46.9811C345.061 46.0142 347.058 45.5307 349.33 45.5307C350.776 45.5307 352.016 45.6688 353.118 46.0142C354.219 46.3595 355.115 46.7739 355.872 47.3955C356.63 48.0171 357.249 48.7077 357.8 49.5365C358.42 50.5034 358.833 51.6776 359.108 52.9207C359.453 54.233 359.591 55.8215 359.591 57.6863H344.648C344.648 60.5179 345.199 62.659 346.163 63.9712C347.127 65.2835 348.711 65.9741 350.707 65.9741C351.878 65.9741 352.98 65.7669 353.944 65.2835C354.908 64.8 355.941 64.0403 357.043 62.9352L358.971 65.1453ZM350.983 34.8256L355.459 42.2846L353.6 43.8041L348.917 38.6242H348.642L343.89 43.8041L342.031 42.2846L346.92 34.8256H350.983ZM352.567 55.269C352.498 52.8517 352.222 51.056 351.603 49.8818C350.983 48.7077 350.157 48.0861 348.848 48.0861C347.609 48.0861 346.645 48.7077 345.956 49.9509C345.268 51.1941 344.785 52.9207 344.648 55.269H352.567ZM362.001 32.5464V34.0658L356.216 39.6601L354.288 38.2788L357.662 32.5464H362.001Z" fill="#123187"/>
<path d="M223.315 85.5195V87.108C222.558 87.2461 222.007 87.4533 221.663 87.7296C221.318 88.0059 221.112 88.4203 221.112 88.9728C221.112 89.7325 221.318 90.6994 221.731 91.9426L225.106 102.233L228.824 93.1858C229.168 92.4261 229.375 91.7354 229.513 91.1829C229.65 90.6304 229.719 90.0778 229.719 89.5253C229.719 88.8346 229.513 88.3512 229.168 87.8677C228.824 87.3843 228.273 87.1771 227.585 87.0389V85.4504H236.881V87.0389C236.399 87.1771 236.054 87.3843 235.779 87.5915C235.504 87.7987 235.228 88.0749 235.021 88.4203C234.815 88.7656 234.471 89.249 234.126 89.8706C233.782 90.4922 233.3 91.5282 232.68 92.8405L225.312 109.14H220.836L214.639 91.1829C214.226 89.9397 213.881 89.1109 213.606 88.6275C213.33 88.144 213.055 87.7987 212.711 87.5915C212.366 87.3152 212.022 87.1771 211.54 87.108V85.5195H223.315Z" fill="#123187"/>
<path d="M238.258 85.5196H247.416V98.6421C247.416 100.162 247.485 101.336 247.554 102.164C247.623 102.993 247.829 103.684 248.105 104.167C248.38 104.651 248.725 104.996 249.069 105.272C249.413 105.549 249.964 105.618 250.515 105.618C251.066 105.618 251.686 105.41 252.374 105.065C252.994 104.72 253.545 104.167 254.027 103.546C254.509 102.924 254.715 102.164 254.715 101.474V92.3571C254.715 91.183 254.715 90.3542 254.647 89.8017C254.578 89.2491 254.509 88.8348 254.371 88.4894C254.233 88.1441 254.027 87.9369 253.751 87.7297C253.476 87.5225 252.994 87.3153 252.374 87.1081V85.5196H261.533V102.026C261.533 103.2 261.533 104.098 261.602 104.651C261.67 105.203 261.739 105.618 261.877 105.963C262.015 106.308 262.221 106.585 262.566 106.792C262.91 106.999 263.392 107.206 264.149 107.344V108.933L257.745 109.14H254.922L255.129 105.756L254.853 105.687C253.407 107.068 252.099 107.966 250.928 108.518C249.758 109.071 248.656 109.347 247.485 109.347C245.832 109.347 244.524 109.002 243.491 108.449C242.527 107.828 241.77 106.93 241.357 105.687C240.943 104.513 240.668 102.924 240.668 100.99V92.3571C240.668 91.4592 240.668 90.7686 240.599 90.3542C240.599 89.8707 240.53 89.5254 240.461 89.2491C240.392 88.9729 240.324 88.7657 240.255 88.5585C240.186 88.3513 240.048 88.1441 239.91 88.006C239.773 87.7988 239.566 87.6606 239.291 87.5225C239.015 87.3844 238.671 87.2462 238.258 87.1772V85.5196ZM249.207 74.1238L254.371 81.721L252.512 83.3095L244.318 75.7123V74.1238H249.207Z" fill="#123187"/>
<path d="M293.14 108.933H281.709V107.344C282.397 107.137 282.948 106.93 283.224 106.585C283.499 106.239 283.706 105.756 283.775 105.203C283.843 104.651 283.912 103.615 283.912 102.095V95.8104C283.912 94.7054 283.912 93.8075 283.843 93.0478C283.775 92.2881 283.706 91.7355 283.637 91.3212C283.568 90.8377 283.361 90.4924 283.224 90.147C283.017 89.8708 282.811 89.5945 282.604 89.3873C282.397 89.1801 282.122 89.042 281.847 88.9729C281.571 88.9039 281.227 88.8348 280.745 88.8348C280.125 88.8348 279.505 89.042 278.886 89.3873C278.266 89.7326 277.715 90.2852 277.233 90.9068C276.82 91.5283 276.544 92.2881 276.544 92.9787V102.095C276.544 103.615 276.613 104.651 276.682 105.203C276.751 105.756 276.957 106.239 277.233 106.585C277.508 106.93 278.059 107.206 278.748 107.344V108.933H267.386V107.344C268.143 107.137 268.694 106.861 268.97 106.516C269.245 106.17 269.452 105.756 269.589 105.203C269.727 104.651 269.727 103.615 269.727 102.095V92.4262C269.727 91.2521 269.727 90.4233 269.658 89.8708C269.589 89.3182 269.52 88.8348 269.383 88.5585C269.245 88.2823 269.038 87.9369 268.694 87.7297C268.419 87.5225 267.868 87.3154 267.11 87.1772V85.5887L273.583 85.3815H276.544L276.2 88.7657L276.475 88.8348C277.439 87.9369 278.335 87.3154 279.023 86.7628C279.781 86.2794 280.538 85.865 281.364 85.5887C282.191 85.3124 283.017 85.1743 283.912 85.1743C285.221 85.1743 286.254 85.3815 287.08 85.7268C287.906 86.0722 288.595 86.6247 289.146 87.3153C289.697 88.006 290.041 88.9039 290.248 89.9398C290.454 90.9758 290.592 92.1499 290.592 93.5313V102.164C290.592 102.855 290.592 103.477 290.661 104.098C290.661 104.72 290.73 105.203 290.867 105.549C291.005 105.894 291.074 106.239 291.28 106.447C291.418 106.654 291.694 106.861 291.969 106.999C292.244 107.137 292.658 107.275 293.071 107.413V108.933H293.14Z" fill="#123187"/>
<path d="M319.376 88.6276L315.382 88.2132L315.313 88.4895C315.726 88.9039 316.14 89.5254 316.415 90.2852C316.69 91.0449 316.828 91.9427 316.828 93.0478C316.828 95.8104 316.002 97.8824 314.349 99.2637C312.697 100.645 310.286 101.405 307.05 101.405C305.466 101.405 304.227 101.267 303.263 100.99C302.505 101.681 302.092 102.441 302.092 103.269C302.092 103.753 302.161 104.098 302.368 104.375C302.574 104.651 302.918 104.789 303.4 104.927C303.882 105.065 304.571 105.134 305.397 105.134H311.251C313.867 105.134 315.864 105.618 317.104 106.654C318.412 107.69 319.032 109.278 319.032 111.419C319.032 113.077 318.55 114.527 317.586 115.77C316.622 117.014 315.244 117.911 313.523 118.533C311.733 119.155 309.667 119.5 307.188 119.5C305.397 119.5 303.814 119.431 302.368 119.293C300.921 119.155 299.682 118.878 298.649 118.464C297.616 118.05 296.859 117.497 296.308 116.737C295.757 115.978 295.481 115.08 295.481 113.975C295.481 113.077 295.757 112.248 296.308 111.488C296.859 110.729 297.685 110.107 298.718 109.554C298.029 109.071 297.547 108.518 297.272 107.897C296.996 107.275 296.859 106.516 296.859 105.618C296.859 104.858 296.996 104.167 297.341 103.546C297.616 102.924 298.029 102.303 298.58 101.819C299.062 101.267 299.751 100.714 300.577 100.092C299.338 99.4018 298.442 98.504 297.823 97.3989C297.203 96.2939 296.859 94.9816 296.859 93.4622C296.859 92.0118 297.134 90.7686 297.616 89.6636C298.167 88.6276 298.856 87.7297 299.751 87.1082C300.646 86.4175 301.748 85.934 302.987 85.6578C304.227 85.3815 305.604 85.1743 307.05 85.1743C307.876 85.1743 308.565 85.2434 309.185 85.3125C309.804 85.3815 310.424 85.4506 310.975 85.5887H319.445V88.6276H319.376ZM302.643 110.452C302.092 110.867 301.679 111.35 301.335 111.903C300.99 112.455 300.921 113.008 300.921 113.698C300.921 114.803 301.403 115.701 302.368 116.185C303.332 116.737 304.915 117.014 307.05 117.014C309.047 117.014 310.562 116.668 311.526 116.047C312.559 115.356 313.041 114.458 313.041 113.284C313.041 112.731 312.972 112.317 312.765 111.903C312.559 111.488 312.215 111.212 311.664 110.936C311.113 110.66 310.355 110.59 309.322 110.59H305.26C304.227 110.521 303.332 110.521 302.643 110.452ZM303.538 93.0478C303.538 95.0507 303.814 96.5011 304.364 97.468C304.915 98.4349 305.811 98.9184 306.981 98.9184C308.083 98.9184 308.909 98.504 309.46 97.6061C310.011 96.7083 310.286 95.327 310.286 93.5312C310.286 91.5974 310.011 90.147 309.46 89.1111C308.909 88.0751 308.083 87.5916 306.912 87.5916C305.742 87.5916 304.915 88.0751 304.364 88.9729C303.814 89.8708 303.538 91.183 303.538 93.0478Z" fill="#123187"/>
</g>
<defs>
<linearGradient id="paint0_linear_244_96" x1="0" y1="73.3772" x2="203.661" y2="73.3772" gradientUnits="userSpaceOnUse">
<stop offset="0.00201102" stop-color="#0EEA66"/>
<stop offset="1" stop-color="#25A157"/>
</linearGradient>
<clipPath id="clip0_244_96">
<rect width="362" height="119" fill="white" transform="translate(0 0.5)"/>
</clipPath>
</defs>
</svg>
